#  VALIDACION CRUZADA
87.26851851851842
86.28472222222241
86.34259259259241
87.47826086956513
87.38425925925918
87.51451800232282
87.67361111111126
84.83796296296283
86.63194444444441
87.84722222222241
87.30434782608693
87.38425925925918
87.51451800232282
86.68981481481484
# DIVISION PORCENTUAL
78.40616966580983
82.7910339840926
82.14876033057861
83.31726133076172
82.17592592592604
86.84971098265872
86.70520231213874
86.99421965317923
86.12716763005776
81.81233933161934
81.63412870571211
83.80165289256189
82.54580520732901
83.5648148148148
84.10404624277457
88.43930635838134
86.12716763005776
85.54913294797713
