#  VALIDACION CRUZADA
95.33333333333331
96.0
95.945945945946
96.0
96.0
95.91836734693865
95.13888888888874
96.0
94.6666666666667
96.62162162162166
96.0
95.33333333333331
95.91836734693865
95.83333333333331
# DIVISION PORCENTUAL
65.1851851851852
94.1666666666667
95.23809523809535
95.55555555555551
96.0
90.0
95.55555555555551
93.3333333333333
93.3333333333333
85.92592592592601
93.3333333333333
93.3333333333333
95.55555555555551
94.6666666666667
96.66666666666669
91.11111111111126
96.66666666666669
93.3333333333333
