#  VALIDACION CRUZADA
60.58695652173903
82.12654924983691
60.60869565217397
81.93478260869578
60.61792863359453
81.82213524679268
82.13043478260879
82.08695652173903
60.60013046314423
82.71739130434793
82.32608695652192
60.59617058311589
82.3222439660795
81.91304347826097
# DIVISION PORCENTUAL
60.37189084762128
60.3368649823417
60.29183483390259
82.07171314741028
60.36505867014332
60.94513851167837
82.47646632874715
80.23887079261662
83.73101952277649
60.323593334943304
61.07036131486007
59.88823346786716
60.1593625498008
81.96436332029567
59.69581749049423
81.24547429398989
58.74049945711182
82.86334056399124
