92.42957746478874
91.1816578483245
92.07746478873239
91.1504424778761
92.19858156028369
91.88712522045854
91.72535211267606
91.90140845070422
92.9453262786596
93.48591549295774
92.92035398230088
92.19858156028369
92.23985890652558
92.78169014084507
93.30985915492957
92.23985890652557
92.95774647887323
93.27433628318583
92.7304964539007
92.59259259259258
93.48591549295774
92.25352112676057
92.76895943562609
93.13380281690141
92.74336283185839
93.26241134751773
93.12169312169313
92.0774647887324
92.25352112676057
92.06349206349205
92.42957746478874
92.92035398230088
92.9078014184397
92.5925925925926
92.95774647887325
91.19718309859155
91.88712522045854
91.90140845070422
92.21238938053098
92.55319148936171
92.06349206349206
91.90140845070422
