56.72514619883041
68.2017543859649
71.67919799498746
72.22222222222221
77.19298245614034
77.19298245614034
76.60818713450293
79.82456140350878
85.96491228070175
51.07212475633528
68.85964912280701
73.1829573934837
76.0233918128655
75.78947368421053
79.3859649122807
79.53216374269006
79.82456140350878
80.7017543859649
45.419103313840154
70.39473684210526
74.43609022556392
78.3625730994152
77.19298245614034
79.82456140350878
78.94736842105263
81.57894736842105
87.71929824561403
34.30799220272904
66.00877192982456
73.43358395989975
74.26900584795322
76.14035087719299
79.82456140350878
80.7017543859649
81.57894736842105
91.22807017543859
32.553606237816766
64.25438596491229
73.93483709273183
76.90058479532163
75.78947368421053
78.0701754385965
83.62573099415205
81.57894736842105
91.22807017543859
32.553606237816766
48.90350877192983
73.68421052631578
77.77777777777779
74.73684210526315
76.31578947368422
80.7017543859649
82.45614035087719
85.96491228070175
